lines |  size

| lines          |     6  |     9  |    13  |    19  |    28  |    41  |    61  |    91  |   136  |
| squares (-1)   |     5  |     8  |    12  |    18  |    27  |    40  |    60  |    90  |   135  |
| stones         |    36  |    81  |   169  |   361  |   784  |  1681  |  3721  |  8281  | 18496  |
| area (squares) |    25  |    64  |   144  |   324  |   729  |  1600  |  3600  |  8100  | 18225  |
| diff lines/sq  |    --  |     3  |     4  |     6  |     9  |    13  |    20  |    30  |    45  |
| diff stones    |    --  |    45  |    88  |   192  |   423  |   897  |  2040  |  4560  | 10215  |
| ratio stones   |    --  | 2.2500 | 2.0864 | 2.1361 | 2.1717 | 2.1441 | 2.2136 | 2.2255 | 2.2335 |
| ratio size     |    --  | 1.6000 | 1.5000 | 1.5000 | 1.5000 | 1.4815 | 1.5000 | 1.5000 | 1.5000 |
| diff area      |    --  |    39  |    80  |   180  |   405  |   871  |  2000  |  4500  | 10125  |
| ratio area     |    --  | 2.5600 | 2.2500 | 2.2500 | 2.2500 | 2.1948 | 2.2500 | 2.2500 | 2.2500 |
| ratio stones-2 |    --  |    --  | 4.6944 | 4.4568 | 4.6391 | 4.6565 | 4.7462 | 4.9262 | 4.9707 |
| ratio area-2   |    --  |    --  | 5.7600 | 5.0625 | 5.0625 | 4.9383 | 4.9383 | 5.0625 | 5.0625 |


|                |     203 |     304 |     455 |     682 |
|                |    1021 |    1531 |    2296 |    3444 |
|                |    5166 |    7749 |   11623 |   17434 |
                                                 
                                                 
                                                 
                                                 
                                                 
                                                 
                                                 
                                                 
                                                 
                                                 
